24
8
102101202201021001201201
1  1012021  221012012121
1==0012022x 021012121200
2  2012021  121012021101
0  1012022  021012021201
2  1102012  101201212011
2  2212122  012212111211
1  0222102             2
1  1221110             1
2  121212122010112012  2
1  221121222011111212  0
2  121111022010111210  2
1  2212121120          1
0  0210211211          2
2  0210120220  010121121
1      022012  112201011
1      122010  120212011
10212  122012  221211012
10211  222011  112112110
10211  022010  112111211
10212  122012  212121212
10210          012111212
10212          212121212
102101202201021012012012
