24
12
102101202201021001201201
1  101202111221012012121
1x 001202211021012121200
2  201202111121012021101
0  101202211021012021201
2  110201211101201212011
2  221212211012212111211
1                  21212
1                  11211
20212121212201011  20121
12222112122201111  12120
20212111102201010  12102
1                  21211
0                  21212
2  021012022012010121121
1      022012  112201011
1      122010==120212011
10212  122012  221211012
10211  222011  112112110
10211  022010  112111211
10212  122012  212121212
10210          012111212
10212          212121212
102101202201021012012012
